# Tetrahedron method
       -1.0366883877        0.0000000000        0.0000000000
       -1.0090263280        0.0000000000        0.0000000000
       -0.9813642684        0.0000000000        0.0000000000
       -0.9537022088        0.0000000000        0.0000000000
       -0.9260401491        0.0000000000        0.0000000000
       -0.8983780895        0.0000000000        0.0000000000
       -0.8707160299        0.0000000000        0.0000000000
       -0.8430539702        0.0000000000        0.0000000000
       -0.8153919106        0.0000000000        0.0000000000
       -0.7877298510        0.0000000000        0.0000000000
       -0.7600677913        0.0000000000        0.0000000000
       -0.7324057317        0.0000000000        0.0000000000
       -0.7047436721        0.0000000000        0.0000000000
       -0.6770816125        0.0000000000        0.0000000000
       -0.6494195528        0.0000000000        0.0000000000
       -0.6217574932        0.0000000000        0.0000000000
       -0.5940954336        0.0000000000        0.0000000000
       -0.5664333739        0.0178986961        0.0178986961
       -0.5387713143        0.0491600269        0.0491600269
       -0.5111092547        0.0612752389        0.0612752389
       -0.4834471950        0.0728095272        0.0728095272
       -0.4557851354        0.0743439005        0.0743439005
       -0.4281230758        0.0756980870        0.0756980870
       -0.4004610161        0.0768844531        0.0768844531
       -0.3727989565        0.0750570843        0.0750570843
       -0.3451368969        0.0726104447        0.0726104447
       -0.3174748372        0.0706035044        0.0706035044
       -0.2898127776        0.0622786469        0.0622786469
       -0.2621507180        0.0561325699        0.0561325699
       -0.2344886583        0.0503870598        0.0503870598
       -0.2068265987        0.0445502358        0.0445502358
       -0.1791645391        0.0402929319        0.0402929319
       -0.1515024795        0.0377350426        0.0377350426
       -0.1238404198        0.0366112878        0.0366112878
       -0.0961783602        0.0360847847        0.0360847847
       -0.0685163006        0.0360817695        0.0360817695
       -0.0408542409        0.0364383235        0.0364383235
       -0.0131921813        0.0370076063        0.0370076063
        0.0144698783        0.0377492535        0.0377492535
        0.0421319380        0.0388986717        0.0388986717
        0.0697939976        0.0406573499        0.0406573499
        0.0974560572        0.0441542094        0.0441542094
        0.1251181169        0.0483064643        0.0483064643
        0.1527801765        0.0549609521        0.0549609521
        0.1804422361        0.0637105338        0.0637105338
        0.2081042958        0.0753163162        0.0753163162
        0.2357663554        0.0923035451        0.0923035451
        0.2634284150        0.1157996460        0.1157996460
        0.2910904747        0.1546386577        0.1546386577
        0.3187525343        0.1644288264        0.1644288264
        0.3464145939        0.1818106826        0.1818106826
        0.3740766536        0.1984672289        0.1984672289
        0.4017387132        0.2170538151        0.2170538151
        0.4294007728        0.2368835343        0.2368835343
        0.4570628324        0.2575194319        0.2575194319
        0.4847248921        0.2831360881        0.2831360881
        0.5123869517        0.3113065856        0.3113065856
        0.5400490113        0.3501749997        0.3501749997
        0.5677110710        0.4088508891        0.4088508891
        0.5953731306        0.5218470074        0.5218470074
        0.6230351902        0.5025307371        0.5025307371
        0.6506972499        0.5136739904        0.5136739904
        0.6783593095        0.5299253818        0.5299253818
        0.7060213691        0.5503628661        0.5503628661
        0.7336834288        0.5773437161        0.5773437161
        0.7613454884        0.6053866011        0.6053866011
        0.7890075480        0.6188578682        0.6188578682
        0.8166696077        0.5998875683        0.5998875683
        0.8443316673        0.6053747477        0.6053747477
        0.8719937269        0.6202797764        0.6202797764
        0.8996557866        0.6497745482        0.6497745482
        0.9273178462        0.6894253467        0.6894253467
        0.9549799058        0.7186418228        0.7186418228
        0.9826419654        0.7495186674        0.7495186674
        1.0103040251        0.7873410341        0.7873410341
        1.0379660847        0.8298166221        0.8298166221
        1.0656281443        0.8850303737        0.8850303737
        1.0932902040        0.9580871828        0.9580871828
        1.1209522636        1.0559529209        1.0559529209
        1.1486143232        1.2073371331        1.2073371331
        1.1762763829        1.5048959101        1.5048959101
        1.2039384425        2.7948771665        2.7948771665
        1.2316005021        1.2031916335        1.2031916335
        1.2592625618        1.0019419214        1.0019419214
        1.2869246214        0.8968121426        0.8968121426
        1.3145866810        0.8331529437        0.8331529437
        1.3422487407        0.7904280826        0.7904280826
        1.3699108003        0.7621170241        0.7621170241
        1.3975728599        0.7393484076        0.7393484076
        1.4252349196        0.7239452103        0.7239452103
        1.4528969792        0.7114000800        0.7114000800
        1.4805590388        0.7065235148        0.7065235148
        1.5082210985        0.7022856059        0.7022856059
        1.5358831581        0.6991471369        0.6991471369
        1.5635452177        0.6988990271        0.6988990271
        1.5912072773        0.7163745435        0.7163745435
        1.6188693370        0.7271913511        0.7271913511
        1.6465313966        0.7323375599        0.7323375599
        1.6741934562        0.7414079573        0.7414079573
        1.7018555159        0.7437667578        0.7437667578
        1.7295175755        0.7502384292        0.7502384292
        1.7571796351        0.7560580539        0.7560580539
        1.7848416948        0.7592457541        0.7592457541
        1.8125037544        0.7623329168        0.7623329168
        1.8401658140        0.7663318573        0.7663318573
        1.8678278737        0.7761756043        0.7761756043
        1.8954899333        0.7905037204        0.7905037204
        1.9231519929        0.7914912824        0.7914912824
        1.9508140526        0.8046268280        0.8046268280
        1.9784761122        0.8094012857        0.8094012857
        2.0061381718        0.8089132099        0.8089132099
        2.0338002315        0.7387891324        0.7387891324
        2.0614622911        0.6539193032        0.6539193032
        2.0891243507        0.6061888700        0.6061888700
        2.1167864104        0.5861107449        0.5861107449
        2.1444484700        0.6420451673        0.6420451673
        2.1721105296        0.7420034540        0.7420034540
        2.1997725892        0.8268027157        0.8268027157
        2.2274346489        0.9123534047        0.9123534047
        2.2550967085        0.9176239642        0.9176239642
        2.2827587681        0.8911713295        0.8911713295
        2.3104208278        0.8864582488        0.8864582488
        2.3380828874        0.9015406789        0.9015406789
        2.3657449470        0.9255476799        0.9255476799
        2.3934070067        0.9371379157        0.9371379157
        2.4210690663        0.6683835275        0.6683835275
        2.4487311259        0.4513371328        0.4513371328
        2.4763931856        0.3973129747        0.3973129747
        2.5040552452        0.4144748911        0.4144748911
        2.5317173048        0.4318193989        0.4318193989
        2.5593793645        0.4598646854        0.4598646854
        2.5870414241        0.4894141483        0.4894141483
        2.6147034837        0.5236892956        0.5236892956
        2.6423655434        0.5735527769        0.5735527769
        2.6700276030        0.6424850827        0.6424850827
        2.6976896626        0.6904116878        0.6904116878
        2.7253517222        0.7490979541        0.7490979541
        2.7530137819        0.7811864281        0.7811864281
        2.7806758415        0.8121409566        0.8121409566
        2.8083379011        0.8357737948        0.8357737948
        2.8359999608        0.9270458423        0.9270458423
        2.8636620204        1.0087569469        1.0087569469
        2.8913240800        1.0388095285        1.0388095285
        2.9189861397        1.0915174784        1.0915174784
        2.9466481993        1.0709283747        1.0709283747
        2.9743102589        0.8422878818        0.8422878818
        3.0019723186        0.8167168612        0.8167168612
        3.0296343782        0.6422849017        0.6422849017
        3.0572964378        0.5551618316        0.5551618316
        3.0849584975        0.5614809776        0.5614809776
        3.1126205571        0.7829904310        0.7829904310
        3.1402826167        0.7789359301        0.7789359301
        3.1679446764        0.7336073819        0.7336073819
        3.1956067360        0.6978020928        0.6978020928
        3.2232687956        0.7134513545        0.7134513545
        3.2509308553        0.7413794862        0.7413794862
        3.2785929149        0.7562261297        0.7562261297
        3.3062549745        0.7570239438        0.7570239438
        3.3339170341        0.7644878848        0.7644878848
        3.3615790938        0.7820840452        0.7820840452
        3.3892411534        0.7977496282        0.7977496282
        3.4169032130        0.8223090179        0.8223090179
        3.4445652727        0.8491311523        0.8491311523
        3.4722273323        0.8810049066        0.8810049066
        3.4998893919        0.9210069247        0.9210069247
        3.5275514516        0.9722026924        0.9722026924
        3.5552135112        1.0448451206        1.0448451206
        3.5828755708        1.1950649704        1.1950649704
        3.6105376305        1.1673684709        1.1673684709
        3.6381996901        1.2452064898        1.2452064898
        3.6658617497        1.4694271324        1.4694271324
        3.6935238094        1.6187287980        1.6187287980
        3.7211858690        1.5798916846        1.5798916846
        3.7488479286        1.5733820479        1.5733820479
        3.7765099883        1.5832447609        1.5832447609
        3.8041720479        1.5995969329        1.5995969329
        3.8318341075        1.6149756934        1.6149756934
        3.8594961672        1.3184194823        1.3184194823
        3.8871582268        1.1268358811        1.1268358811
        3.9148202864        1.0185020755        1.0185020755
        3.9424823460        0.9407489019        0.9407489019
        3.9701444057        0.6955963980        0.6955963980
        3.9978064653        0.4072698544        0.4072698544
        4.0254685249        0.1747921738        0.1747921738
        4.0531305846        0.0000000000        0.0000000000
        4.0807926442        0.0000000000        0.0000000000
        4.1084547038        0.0000000000        0.0000000000
        4.1361167635        0.0000000000        0.0000000000
        4.1637788231        0.0000000000        0.0000000000
        4.1914408827        0.0000000000        0.0000000000
        4.2191029424        0.0000000000        0.0000000000
        4.2467650020        0.0000000000        0.0000000000
        4.2744270616        0.0000000000        0.0000000000
        4.3020891213        0.0000000000        0.0000000000
        4.3297511809        0.0000000000        0.0000000000
        4.3574132405        0.0000000000        0.0000000000
        4.3850753002        0.0000000000        0.0000000000
        4.4127373598        0.0000000000        0.0000000000
        4.4403994194        0.0000000000        0.0000000000
        4.4680614790        0.0000000000        0.0000000000
        4.4957235387        0.0000000000        0.0000000000
