   3.2336973e-02	  -1.6874244e-02	   1.3901809e-02	   1.5001492e-07	
   2.7714216e-02	  -1.6104300e-02	   2.1755594e-02	   7.8184498e-07	
   2.7185149e-02	  -1.5150206e-02	   2.4479253e-02	   1.0419275e-06	
   2.7625749e-02	  -1.4415243e-02	   2.5400000e-02	   9.4723210e-07	
   2.7487653e-02	  -1.4679601e-02	   2.5400000e-02	   9.8847346e-07	
   2.7127304e-02	  -1.5336951e-02	   2.5400000e-02	   9.6463702e-07	
   2.7130706e-02	  -1.5332594e-02	   2.5400000e-02	   9.9575995e-07	
   2.6994649e-02	  -1.5568218e-02	   2.5400000e-02	   1.0240943e-06	
   2.7426851e-02	  -1.4790760e-02	   2.5400000e-02	   1.0382296e-06	
   2.7171753e-02	  -1.5259093e-02	   2.5400000e-02	   1.0894193e-06	
   2.7156225e-02	  -1.5283668e-02	   2.5400000e-02	   1.0458171e-06	
   2.7470398e-02	  -1.4710939e-02	   2.5400000e-02	   1.0017410e-06	
   2.7648650e-02	  -1.4377001e-02	   2.5400000e-02	   9.4661166e-07	
   2.6839680e-02	  -1.5835655e-02	   2.5400000e-02	   1.0756426e-06	
   2.7150956e-02	  -1.5296662e-02	   2.5400000e-02	   1.0188889e-06	
   2.7265580e-02	  -1.5086104e-02	   2.5400000e-02	   1.0073026e-06	
   2.7669413e-02	  -1.4332885e-02	   2.5400000e-02	   1.0164263e-06	
   2.7228104e-02	  -1.5156134e-02	   2.5400000e-02	   9.9430325e-07	
   2.7693884e-02	  -1.4284474e-02	   2.5400000e-02	   1.1205948e-06	
   2.7895545e-02	  -1.3892148e-02	   2.5400000e-02	   1.0461520e-06	
   2.8035153e-02	  -1.3608322e-02	   2.5400000e-02	   1.0709043e-06	
   2.7682294e-02	  -1.4306326e-02	   2.5400000e-02	   1.0105394e-06	
   2.7416228e-02	  -1.4815408e-02	   2.5400000e-02	   1.0184372e-06	
   2.7521604e-02	  -1.4618227e-02	   2.5400000e-02	   9.9076988e-07	
   2.6936517e-02	  -1.5667199e-02	   2.5400000e-02	   9.9728143e-07	
   2.7487730e-02	  -1.4681851e-02	   2.5400000e-02	   1.0356119e-06	
   2.7467330e-02	  -1.4716463e-02	   2.5400000e-02	   1.0498686e-06	
   2.7276078e-02	  -1.5067712e-02	   2.5400000e-02	   1.0920385e-06	
   2.7469496e-02	  -1.4716287e-02	   2.5400000e-02	   1.1164487e-06	
   2.7468580e-02	  -1.4713819e-02	   2.5400000e-02	   1.0788893e-06	
   2.7474236e-02	  -1.4706989e-02	   2.5400000e-02	   1.0585130e-06	
   2.7473491e-02	  -1.4703721e-02	   2.5400000e-02	   1.0598723e-06	
   2.7938947e-02	  -1.3799332e-02	   2.5400000e-02	   1.0785588e-06	
   2.7963231e-02	  -1.3752750e-02	   2.5400000e-02	   1.0589685e-06	
   2.7748514e-02	  -1.4177974e-02	   2.5400000e-02	   1.0147754e-06	
   2.8181387e-02	  -1.3301472e-02	   2.5400000e-02	   1.0266331e-06	
   2.7184852e-02	  -1.5236529e-02	   2.5400000e-02	   1.1094896e-06	
   2.7932248e-02	  -1.3813263e-02	   2.5400000e-02	   1.0273783e-06	
   2.8029375e-02	  -1.3620847e-02	   2.5400000e-02	   1.1625562e-06	
   2.7892495e-02	  -1.3896749e-02	   2.5400000e-02	   1.0211731e-06	
   2.7326865e-02	  -1.4979085e-02	   2.5400000e-02	   1.0826583e-06	
   2.7371259e-02	  -1.4896544e-02	   2.5400000e-02	   1.0332860e-06	
   2.7386695e-02	  -1.4864481e-02	   2.5400000e-02	   1.0527617e-06	
   2.7501300e-02	  -1.4657888e-02	   2.5400000e-02	   1.1004191e-06	
   2.7383929e-02	  -1.4872381e-02	   2.5400000e-02	   1.0921403e-06	
   2.7148875e-02	  -1.5297658e-02	   2.5400000e-02	   1.0622061e-06	
   2.7276224e-02	  -1.5065739e-02	   2.5400000e-02	   1.1087623e-06	
   2.9869833e-02	  -1.5455947e-02	   2.5400000e-02	   1.0220412e-06	
   2.7711135e-02	  -1.4251549e-02	   2.5400000e-02	   1.0819356e-06	
   2.7995627e-02	  -1.3685833e-02	   2.5400000e-02	   1.1492247e-06	
   2.7822234e-02	  -1.4034054e-02	   2.5400000e-02	   1.1258277e-06	
   2.7424481e-02	  -1.4798132e-02	   2.5400000e-02	   1.0893439e-06	
   2.7011806e-02	  -1.5539609e-02	   2.5400000e-02	   1.0033659e-06	
   2.7195016e-02	  -1.5218547e-02	   2.5400000e-02	   1.1272551e-06	
   2.7693458e-02	  -1.4284437e-02	   2.5400000e-02	   1.1326903e-06	
   2.7105287e-02	  -1.5375579e-02	   2.5400000e-02	   1.0688025e-06	
   2.7046642e-02	  -1.5477965e-02	   2.5400000e-02	   1.0875220e-06	
   2.6960257e-02	  -1.5627335e-02	   2.5400000e-02	   1.1476317e-06	
   2.5286834e-02	  -1.3627769e-02	   2.5399609e-02	   1.1294523e-06	
   2.7639491e-02	  -1.4392994e-02	   2.5400000e-02	   1.0898433e-06	
   2.6512165e-02	  -1.6374396e-02	   2.5400000e-02	   1.0771066e-06	
   2.7137097e-02	  -1.5318376e-02	   2.5400000e-02	   1.0972320e-06	
   2.7205015e-02	  -1.5196022e-02	   2.5400000e-02	   1.0963254e-06	
   2.8237195e-02	  -1.3177893e-02	   2.5400000e-02	   1.0922461e-06	
   2.7106525e-02	  -1.5374627e-02	   2.5400000e-02	   1.1548310e-06	
   2.8022264e-02	  -1.3629836e-02	   2.5400000e-02	   1.1548385e-06	
   2.6870355e-02	  -1.5780126e-02	   2.5400000e-02	   1.1312968e-06	
   2.7656334e-02	  -1.4363048e-02	   2.5400000e-02	   1.0923264e-06	
   2.7606601e-02	  -1.4456963e-02	   2.5400000e-02	   1.1374656e-06	
   2.8492899e-02	  -1.2622482e-02	   2.5400000e-02	   1.1107424e-06	
   2.5699444e-02	  -1.2760403e-02	   2.5291319e-02	   1.2284175e-06	
   2.7689451e-02	  -1.4298800e-02	   2.5400000e-02	   1.0779859e-06	
   2.7081066e-02	  -1.5414838e-02	   2.5400000e-02	   1.1772194e-06	
   2.7414207e-02	  -1.4815317e-02	   2.5400000e-02	   1.1305394e-06	
   2.5436114e-02	  -1.3274554e-02	   2.5400000e-02	   1.0803846e-06	
   2.7758251e-02	  -1.4158056e-02	   2.5400000e-02	   1.0970175e-06	
   2.6691899e-02	  -1.6084351e-02	   2.5400000e-02	   1.0896132e-06	
   2.7707672e-02	  -1.4256757e-02	   2.5400000e-02	   1.1827709e-06	
   2.8027674e-02	  -1.3617641e-02	   2.5400000e-02	   1.1322622e-06	
   2.7747478e-02	  -1.4182794e-02	   2.5400000e-02	   1.0578346e-06	
   2.7974425e-02	  -1.3726177e-02	   2.5400000e-02	   1.2050398e-06	
   2.8161791e-02	  -1.3344290e-02	   2.5400000e-02	   1.1554983e-06	
   2.8123119e-02	  -1.3425950e-02	   2.5400000e-02	   1.1354208e-06	
   2.7702742e-02	  -1.4266875e-02	   2.5400000e-02	   1.1175129e-06	
   2.7653846e-02	  -1.4363616e-02	   2.5400000e-02	   1.0883472e-06	
   2.7704003e-02	  -1.4264712e-02	   2.5400000e-02	   1.1219273e-06	
   2.7686374e-02	  -1.4303071e-02	   2.5400000e-02	   1.1201456e-06	
   2.7335400e-02	  -1.4958042e-02	   2.5400000e-02	   1.1651739e-06	
   2.7638271e-02	  -1.4394390e-02	   2.5400000e-02	   1.1208555e-06	
   2.8052530e-02	  -1.3567542e-02	   2.5400000e-02	   1.1641327e-06	
   2.6992167e-02	  -1.5571493e-02	   2.5400000e-02	   1.1583068e-06	
   2.8430330e-02	  -1.2756393e-02	   2.5400000e-02	   1.1555892e-06	
   2.7130861e-02	  -1.5331556e-02	   2.5400000e-02	   1.2040526e-06	
   2.6720747e-02	  -1.6035644e-02	   2.5400000e-02	   1.1215783e-06	
   2.7106377e-02	  -1.5372083e-02	   2.5400000e-02	   1.1703305e-06	
   2.7695475e-02	  -1.4283196e-02	   2.5400000e-02	   1.0361595e-06	
   2.5447474e-02	  -1.3255630e-02	   2.5400000e-02	   1.0559921e-06	
   2.7678959e-02	  -1.4314733e-02	   2.5400000e-02	   1.1135775e-06	
   2.6606952e-02	  -1.6220878e-02	   2.5400000e-02	   1.1701589e-06	
   2.8277460e-02	  -1.3093190e-02	   2.5400000e-02	   1.1115470e-06	
   2.8534746e-02	  -1.2524709e-02	   2.5400000e-02	   1.1002145e-06	
   2.8269606e-02	  -1.3109796e-02	   2.5400000e-02	   1.1466958e-06	
   2.7671963e-02	  -1.4333009e-02	   2.5400000e-02	   1.1317190e-06	
   2.7694014e-02	  -1.4288589e-02	   2.5400000e-02	   1.1913027e-06	
   2.7677083e-02	  -1.4319359e-02	   2.5400000e-02	   1.1788897e-06	
   2.8079759e-02	  -1.3509587e-02	   2.5400000e-02	   1.1680754e-06	
   2.7677581e-02	  -1.4319981e-02	   2.5400000e-02	   1.1409163e-06	
   2.8960995e-02	  -1.1501788e-02	   2.5400000e-02	   1.1333083e-06	
   2.7725553e-02	  -1.4222990e-02	   2.5400000e-02	   1.1875452e-06	
   2.8496423e-02	  -1.2614485e-02	   2.5400000e-02	   1.1452933e-06	
   2.8498573e-02	  -1.2603274e-02	   2.5400000e-02	   1.0931925e-06	
   2.7720511e-02	  -1.4237162e-02	   2.5400000e-02	   1.0760785e-06	
   2.7657373e-02	  -1.4358507e-02	   2.5400000e-02	   1.1618083e-06	
   2.6887628e-02	  -1.5750955e-02	   2.5400000e-02	   1.1782532e-06	
   2.5082087e-02	  -1.3944510e-02	   2.5388415e-02	   1.1642108e-06	
   2.9868315e-02	  -1.5457798e-02	   2.5400000e-02	   1.0837092e-06	
   2.5195064e-02	  -1.3593402e-02	   2.5365857e-02	   1.1740190e-06	
   2.7123229e-02	  -1.5344367e-02	   2.5400000e-02	   1.1950233e-06	
   2.7973908e-02	  -1.3731434e-02	   2.5400000e-02	   1.0516516e-06	
   2.7688659e-02	  -1.4299823e-02	   2.5400000e-02	   1.1866533e-06	
   2.7134835e-02	  -1.5321038e-02	   2.5400000e-02	   1.2628497e-06	
   2.8509445e-02	  -1.2581897e-02	   2.5400000e-02	   1.1900266e-06	
   2.8182693e-02	  -1.3297890e-02	   2.5400000e-02	   1.1321373e-06	
   2.6748794e-02	  -1.5985666e-02	   2.5400000e-02	   1.1630192e-06	
   2.7658245e-02	  -1.4355277e-02	   2.5400000e-02	   1.1815553e-06	
   2.8491147e-02	  -1.2623973e-02	   2.5400000e-02	   1.2480636e-06	
   2.6835831e-02	  -1.5838004e-02	   2.5400000e-02	   1.1456057e-06	
   2.7904233e-02	  -1.3868528e-02	   2.5400000e-02	   1.1341275e-06	
   2.7105141e-02	  -1.5377507e-02	   2.5400000e-02	   1.2581106e-06	
   2.7081682e-02	  -1.5417852e-02	   2.5400000e-02	   1.2339887e-06	
   2.6916379e-02	  -1.5700131e-02	   2.5400000e-02	   1.2850694e-06	
   2.8510994e-02	  -1.2574897e-02	   2.5400000e-02	   1.1775725e-06	
