   2.8925120e-02	  -1.4200616e-02	   7.8889829e-03	   3.0793965e-07	
   3.4277649e-02	  -8.0017991e-03	   6.4905052e-03	   5.9767417e-07	
   3.4327356e-02	  -9.0829396e-03	   7.9516801e-03	   6.1971863e-07	
   2.4244333e-02	  -1.5346531e-02	   1.0000000e-11	   6.1228340e-07	
   2.7376407e-02	  -1.4889472e-02	   1.0000000e-11	   5.8472924e-07	
   2.6020374e-02	  -1.7143813e-02	   1.0000000e-11	   5.9394106e-07	
   2.6391821e-02	  -1.6566872e-02	   1.0000000e-11	   5.7635201e-07	
   2.3114651e-02	  -2.4674623e-02	   5.3913580e-05	   6.9577490e-07	
   2.5965418e-02	  -1.2210274e-02	   1.0000000e-11	   7.1173650e-07	
   2.9388627e-02	  -1.0358127e-02	   1.0000000e-11	   6.6599324e-07	
   2.8983588e-02	  -1.1444625e-02	   1.0000000e-11	   6.0723118e-07	
   2.3195357e-02	  -2.4282920e-02	   2.2743774e-05	   6.8007918e-07	
   2.9543163e-02	  -1.6072041e-02	   1.0000000e-11	   6.1385371e-07	
   2.4694049e-02	  -1.4614658e-02	   1.0000000e-11	   6.2318032e-07	
   2.4671312e-02	  -1.4650497e-02	   1.0000000e-11	   6.4473712e-07	
   2.6671874e-02	  -1.0579010e-02	   1.0000000e-11	   6.3841615e-07	
   2.6337614e-02	  -1.6653094e-02	   1.0000000e-11	   6.5120367e-07	
   2.6679179e-02	  -1.6100399e-02	   1.0000000e-11	   6.3779892e-07	
   2.4561099e-02	  -1.4831212e-02	   1.0000000e-11	   6.3452685e-07	
   2.3649108e-02	  -1.6251174e-02	   1.0000000e-11	   6.5317756e-07	
   2.4202277e-02	  -1.5414392e-02	   1.0000000e-11	   6.6025520e-07	
   2.5434361e-02	  -1.3283713e-02	   1.0000000e-11	   6.4446184e-07	
   2.4682091e-02	  -8.8628654e-03	   1.0000000e-11	   6.5751069e-07	
   2.3293589e-02	  -2.4177436e-02	   9.7790493e-06	   7.3888828e-07	
   2.5043883e-02	  -1.8545770e-02	   1.0000000e-11	   6.1138822e-07	
   2.4694336e-02	  -1.4610537e-02	   1.0000000e-11	   6.7583958e-07	
   2.4435484e-02	  -1.5040424e-02	   1.0000000e-11	   6.3466591e-07	
   3.0233785e-02	  -1.4733287e-02	   1.0000000e-11	   6.2794019e-07	
   2.6617837e-02	  -1.6200748e-02	   1.0000000e-11	   6.9484756e-07	
   2.3957431e-02	  -1.5791364e-02	   1.0000000e-11	   6.2727568e-07	
   2.8649997e-02	  -1.2258607e-02	   1.0000000e-11	   6.1889160e-07	
   2.9650147e-02	  -9.5865252e-03	   1.0000000e-11	   7.2369922e-07	
   2.6282188e-02	  -1.1508388e-02	   1.0000000e-11	   6.7603052e-07	
   2.4761503e-02	  -1.4499545e-02	   1.0000000e-11	   5.8764674e-07	
   2.3621013e-02	  -1.6290122e-02	   1.0000000e-11	   6.4526396e-07	
   2.3804851e-02	  -2.3722979e-02	   2.8182372e-05	   7.7967801e-07	
   2.5738171e-02	  -2.1645433e-02	   1.0000000e-11	   6.7496340e-07	
   2.8944896e-02	  -1.7124158e-02	   1.0000000e-11	   6.5938107e-07	
   2.2948903e-02	  -1.7221913e-02	   1.0000000e-11	   6.4206283e-07	
   2.6936140e-02	  -9.8862208e-03	   1.0000000e-11	   6.3434111e-07	
   2.9562736e-02	  -9.8549669e-03	   1.0000000e-11	   6.9755868e-07	
   2.9380257e-02	  -1.0390276e-02	   1.0000000e-11	   6.8303873e-07	
   2.5872600e-02	  -1.2405562e-02	   1.0000000e-11	   6.8203011e-07	
   2.6721922e-02	  -1.6029661e-02	   1.0000000e-11	   7.8530782e-07	
   2.5442259e-02	  -1.3262353e-02	   1.0000000e-11	   6.6288944e-07	
   2.4535627e-02	  -1.4876954e-02	   1.0000000e-11	   6.2881704e-07	
   2.5860234e-02	  -1.2427590e-02	   1.0000000e-11	   6.9716129e-07	
   2.4450612e-02	  -2.3092676e-02	   1.0000000e-11	   7.5870175e-07	
   3.1362060e-02	  -1.2140457e-02	   1.0000000e-11	   6.4976867e-07	
   2.7257321e-02	  -8.9674580e-03	   1.0000000e-11	   7.1516637e-07	
   2.9577954e-02	  -9.8038419e-03	   1.0000000e-11	   7.0161066e-07	
   2.4886546e-02	  -1.8752635e-02	   1.0000000e-11	   7.1337582e-07	
   2.7203658e-02	  -9.1274795e-03	   1.0000000e-11	   6.7820021e-07	
   2.5398216e-02	  -2.2045724e-02	   1.0000000e-11	   7.3876882e-07	
   2.5139371e-02	  -1.3833383e-02	   1.0000000e-11	   8.0090508e-07	
   2.7947288e-02	  -1.3781144e-02	   1.0000000e-11	   7.3127794e-07	
   2.3792692e-02	  -2.0123373e-02	   1.0000000e-11	   6.7663997e-07	
   2.3374986e-02	  -1.6640902e-02	   1.0000000e-11	   7.8160886e-07	
   2.2543038e-02	  -2.1517083e-02	   1.0000000e-11	   7.6555934e-07	
   2.7649349e-02	  -1.4371557e-02	   1.0000000e-11	   7.1019409e-07	
   2.5265448e-02	  -2.2197325e-02	   1.0000000e-11	   7.8586195e-07	
   2.4011797e-02	  -1.9860214e-02	   1.0000000e-11	   7.5736247e-07	
   2.6606937e-02	  -1.0745083e-02	   1.0000000e-11	   7.1939730e-07	
   2.9481393e-02	  -1.0100882e-02	   1.0000000e-11	   6.4673019e-07	
   2.2310371e-02	  -2.1757686e-02	   1.0000000e-11	   8.3127873e-07	
   2.5502822e-02	  -1.3149005e-02	   1.0000000e-11	   7.7265813e-07	
   2.6753253e-02	  -1.5980517e-02	   1.0000000e-11	   6.9702947e-07	
   2.5519618e-02	  -2.1901801e-02	   1.0000000e-11	   7.5112336e-07	
   3.1563366e-02	  -1.1606481e-02	   1.0000000e-11	   7.5445320e-07	
   2.9922061e-02	  -8.6983594e-03	   1.0000000e-11	   6.7540281e-07	
   2.3121590e-02	  -1.6993015e-02	   1.0000000e-11	   7.7844569e-07	
   3.3603825e-02	  -1.3189530e-02	   1.0000000e-11	   7.2020686e-07	
   2.6790222e-02	  -2.0328917e-02	   1.0000000e-11	   7.7171051e-07	
   2.5797622e-02	  -1.2561571e-02	   1.0000000e-11	   7.6575157e-07	
   2.6454244e-02	  -1.6466472e-02	   1.0000000e-11	   9.4508292e-07	
   2.3995220e-02	  -1.9883824e-02	   1.0000000e-11	   7.5818980e-07	
   3.0443593e-02	  -6.6462515e-03	   1.0000000e-11	   8.0815898e-07	
   2.4013535e-02	  -1.9858749e-02	   1.0000000e-11	   8.5246823e-07	
   2.4823561e-02	  -2.2691212e-02	   1.0000000e-11	   8.4068740e-07	
   2.7739538e-02	  -1.9016781e-02	   1.0000000e-11	   6.7059531e-07	
   2.5492179e-02	  -1.3170508e-02	   1.0000000e-11	   8.1783515e-07	
   2.7729533e-02	  -7.3699064e-03	   1.0000000e-11	   8.0257571e-07	
   2.5116849e-02	  -2.2363557e-02	   1.0000000e-11	   8.4368135e-07	
   3.2479299e-02	  -8.7217860e-03	   1.0000000e-11	   8.3979792e-07	
   2.9415964e-02	  -1.0283722e-02	   1.0000000e-11	   6.9198315e-07	
   2.9846527e-02	  -1.5497791e-02	   1.0000000e-11	   9.1713522e-07	
   2.9592683e-02	  -1.5979064e-02	   1.0000000e-11	   8.3593405e-07	
   2.6673451e-02	  -1.0578992e-02	   1.0000000e-11	   8.6571711e-07	
   2.7425784e-02	  -1.9467542e-02	   1.0000000e-11	   8.4809714e-07	
   2.9280606e-02	  -1.0663593e-02	   1.0000000e-11	   7.4368231e-07	
   2.6863842e-02	  -1.0077956e-02	   1.0000000e-11	   7.4535932e-07	
   2.5843311e-02	  -1.7414845e-02	   1.0000000e-11	   8.8630827e-07	
   3.5063248e-02	  -8.5922559e-03	   1.0000000e-11	   8.1898351e-07	
   2.9238208e-02	  -1.0776510e-02	   1.0000000e-11	   8.4504770e-07	
   2.7848563e-02	  -1.3986862e-02	   1.0000000e-11	   9.1129991e-07	
   2.8325715e-02	  -4.5684854e-03	   1.0000000e-11	   9.4893206e-07	
   2.6809282e-02	  -1.0228197e-02	   1.0000000e-11	   9.0040368e-07	
   3.2434460e-02	  -8.8897548e-03	   1.0000000e-11	   9.5409410e-07	
   3.1382524e-02	  -1.2089620e-02	   1.0000000e-11	   8.2891897e-07	
   2.4142160e-02	  -1.9704432e-02	   1.0000000e-11	   8.8513826e-07	
   3.4931775e-02	  -9.1034593e-03	   1.0000000e-11	   8.1449038e-07	
   2.4506101e-02	  -1.9249649e-02	   1.0000000e-11	   9.0239798e-07	
   3.5136584e-02	  -8.2810605e-03	   1.0000000e-11	   8.9129141e-07	
   2.8259747e-02	  -4.9771578e-03	   1.0000000e-11	   9.5989160e-07	
   3.0345083e-02	  -1.4501206e-02	   1.0000000e-11	   8.8842640e-07	
   3.0521767e-02	  -1.4125426e-02	   1.0000000e-11	   7.8913025e-07	
   2.7632821e-02	  -7.7287150e-03	   1.0000000e-11	   9.2998177e-07	
   2.0554753e-02	  -2.0019835e-02	   1.0000000e-11	   8.6020013e-07	
   2.2914298e-02	  -1.7271281e-02	   1.0000000e-11	   8.2405209e-07	
   3.4077132e-02	  -1.1909948e-02	   1.0000000e-11	   1.0140956e-06	
   2.1321319e-02	  -1.9199578e-02	   1.0000000e-11	   1.1563605e-06	
   2.3401229e-02	  -1.6601849e-02	   1.0000000e-11	   8.0593861e-07	
   2.9390613e-02	  -1.0358870e-02	   1.0000000e-11	   9.0437051e-07	
   2.7358479e-02	  -8.6520358e-03	   1.0000000e-11	   1.2151290e-06	
   2.0707737e-02	  -1.9862678e-02	   1.0000000e-11	   8.7949324e-07	
   2.8109107e-02	  -5.7533958e-03	   1.0000000e-11	   1.1080246e-06	
   2.8698807e-02	  -1.2142175e-02	   1.0000000e-11	   1.0430985e-06	
   2.8122854e-02	  -5.6969028e-03	   1.0000000e-11	   9.9638750e-07	
   2.9954360e-02	  -8.5876660e-03	   1.0000000e-11	   1.0912768e-06	
   2.6355250e-02	  -1.1340137e-02	   1.0000000e-11	   1.0132283e-06	
   3.4576615e-02	  -1.0376776e-02	   1.0000000e-11	   9.2736426e-07	
   3.1896536e-02	  -1.0658867e-02	   1.0000000e-11	   1.0321028e-06	
   2.7726441e-02	  -1.4224444e-02	   1.0000000e-11	   1.2660534e-06	
   3.1912659e-02	  -1.0610564e-02	   1.0000000e-11	   1.1981288e-06	
   3.2194526e-02	  -9.7188114e-03	   1.0000000e-11	   1.1541414e-06	
   3.5075147e-02	  -8.5387489e-03	   1.0000000e-11	   1.1574599e-06	
   3.5089369e-02	  -8.4812570e-03	   1.0000000e-11	   1.0471937e-06	
   2.1207895e-02	  -1.9328133e-02	   1.0000000e-11	   1.0728000e-06	
   3.5541855e-02	  -6.3185818e-03	   1.0000000e-11	   1.2209241e-06	
   3.3162760e-02	  -5.5960989e-03	   1.0000000e-11	   1.3788816e-06	
   3.5694570e-02	  -5.3999208e-03	   1.0000000e-11	   1.2714234e-06	
   3.5417158e-02	  -6.9889617e-03	   1.0000000e-11	   1.4406415e-06	
